692155611568268802 15
667950315455426564 12
706761977742254080 10
689598219001552898 10
716522068318167113 9
715426977788760064 9
712193815839289344 9
686834163735911260 9
674835261138220801 9
670527369929691136 9
668177403206733825 9
658606376294330368 9
658063249003319297 9
706662226128539649 8
706583855611469760 8
700381528992432128 8
693371845999857664 8
681354276128428032 8
679136097809465344 8
714920142476410880 7
713140925086638080 7
710908193400967168 7
708240110766246912 7
706429772050538496 7
711898375225843712 7
711083894757294080 7
702598473128906752 7
701896218926981120 7
695660707291885569 7
690300738375938118 7
687551252784222209 7
686252402618411865 7
672897681832828928 7
669488690733912065 7
667236567556096000 7
666811109421314118 7
666451128431734784 7
665260730841563136 7
662393901274165248 7
661653014835433472 7
659477991773241344 7
716136142001713152 6
715957724085940225 6
715949215731134118 6
714996961119378816 6
713263211873574912 6
712398659699093511 6
711720966577991680 6
709179344917106688 6
708551081140195328 6
705736534746464256 6
711795070751375360 6
711778329925095424 6
711439549863153664 6
701985261144543233 6
698437532879486976 6
698267789841149952 6
696433719205167111 6
694658139979812865 6
693717798963453953 6
693216979579088896 6
692123543778238464 6
692106722421243911 6
692076087220699136 6
691176566858592256 6
690308454372741120 6
689554525582061568 6
687466329111777216 6
687431870653579264 6
686688387273601024 6
686432110815522816 6
686259974830309376 6
685543268080205824 6
684581236694634496 6
683531422997463113 6
683092028956131329 6
682080282229354496 6
681266228871119217 6
680191917632532480 6
679445944039952386 6
679019783338205184 6
676525601100992512 6
675553739420205056 6
675403327719411713 6
674392215746031617 6
673637226539036672 6
671853575354507265 6
671491542268284928 6
671455128579346436 6
669246950311505920 6
668983882994184192 6
667802598842306560 6
665259976156295168 6
662470807516377088 6
660678232237211648 6
658738066186637312 6
657407807625392128 6
655162428624244736 6
654542449126146119 6
654144203883081728 6
714685231211655168 5
712570898809798657 5
712439470117642240 5
710291218027012096 5
707834025256337409 5
707415621655343111 5
705730667598843911 5
705598109921861634 5
711823445943521280 5
711779054143000576 5
711508101530005511 5
702659485408440320 5
701919053682601984 5
701897338848092160 5
698638437427974144 5
691173744301723648 5
689974306173014017 5
689614220858494976 5
689200572117864448 5
688916110310158336 5
688601152678553600 5
687851383903531008 5
687787038607831110 5
687786071124027136 5
686411098468139008 5
686253289211125344 5
686252760803622912 5
685302953725435911 5
684536645719203840 5
684202995202928640 5
677393156812353536 5
676172308084461568 5
675743492723752960 5
675540984428498944 5
675258339421495296 5
674397313872166913 5
674393695093841920 5
674346903006384128 5
674058566290944000 5
673779759906619393 5
672610724175208449 5
671244403621699584 5
670800595784105984 5
669488519140651008 5
668988107018993664 5
668922768415584256 5
668916947875011416 5
666739742935937024 5
666386948970278913 5
666062934171189249 5
665758061299171329 5
664980908659740673 5
664524121791827969 5
663489277641146368 5
662549502377656321 5
661003360649134080 5
660595283026317312 5
656661455245193216 5
654540342344028160 5
654332938457223168 5
654117157635145729 5
716528964169125888 4
716524370319900672 4
716462228338122752 4
715056187415339008 4
714696022828662785 4
713461921509425152 4
711826405152018432 4
711486708420726785 4
710911145918429184 4
710908309646094336 4
710733359673021116 4
710709839727448064 4
710592579457277952 4
709968294114962816 4
709532488117301250 4
709527542630260737 4
709512372277260288 4
708476116618693632 4
708207785712824320 4
708189400518107138 4
708072726435483648 4
706754649269751812 4
706268666782883840 4
705660022999511110 4
705182696696197120 4
711835867450343424 4
711549065250336768 4
711502845068824580 4
703828945402142720 4
703699871602085889 4
703371170557472768 4
703031320713121794 4
701871125265950720 4
701667930967134208 4
700378743118917632 4
699101251338944512 4
698918933005357059 4
698683673181188098 4
698641036977971201 4
698247338792366080 4
697927574068932608 4
697226899113414017 4
697002740082307073 4
695773891432558593 4
695742858897174528 4
695514125439381506 4
695348933472595969 4
694592907609702400 4
694347169248124928 4
694236709639225346 4
694236081113112311 4
693894138140332032 4
693573567519195137 4
693217095987777536 4
692497396249550850 4
692468627782631427 4
692441876738215936 4
692207942490288130 4
692141188116258816 4
692072647341973511 4
691817011987224064 4
691768883976519680 4
691560021314809856 4
691356466230374400 4
691108590224957440 4
690662360663482368 4
691150281356652544 4
689960935205769216 4
689953022970110320 4
689950929710358528 4
689867573786124288 4
689621103472306176 4
689251174601154144 4
688156588532609026 4
687913681942740992 4
687845584410025984 4
687582121024552960 4
687577198702637057 4
686672913034956801 4
686260914589335552 4
685649499406995456 4
684651527437291525 4
684569592383930368 4
683730016857817088 4
682729872007933952 4
680998833086595072 4
680981406344822785 4
680318979185848320 4
679961324126781440 4
679777815277862912 4
679060191074103296 4
679015582373548032 4
678877252080177152 4
677809725036208128 4
677586678819622912 4
676331218992934912 4
675381667461136384 4
675252789623308288 4
675211758286602244 4
675122346903142400 4
675115025087011673 4
674544377100824576 4
674399882057158656 4
674399725341179911 4
674117381132673024 4
674023144315752448 4
674012701681553408 4
673428383108218884 4
673252644052320256 4
672926995454558208 4
672583972124168192 4
672292972398907393 4
672222790997569537 4
672151348029161472 4
672111510758539264 4
671485020968583168 4
671266773895917568 4
671181473119084545 4
671111375301799936 4
670773021124671232 4
670118287111053248 4
670071445100363777 4
669984544276111360 4
669401950547521536 4
669249423562506240 4
669247931162095616 4
669077998599995392 4
668691411953010180 4
668674099456012288 4
667842005544755200 4
667507078135582720 4
667100955758845954 4
667100206232551424 4
666786461836951552 4
665776241962696711 4
665256986590605312 4
664991674211975111 4
664990728955650119 4
664937339509018624 4
663987193753415680 4
663969731746000896 4
663967949170999296 4
663505145811668928 4
662742671094448129 4
662569435543113728 4
662537795265691648 4
662022739987755008 4
661683493726896128 4
661658587568013312 4
660962409687838720 4
660961964735115264 4
659929384329986118 4
659884506485121024 4
659616874133524482 4
659475344081088512 4
659192589459914753 4
659087313574563840 4
658838921367851008 4
658782448763846656 4
658761395454894081 4
658741970752303111 4
657368237127020544 4
654497752286519298 4
654352818292178945 4
654130090003947520 4
716887511624877569 3
716517116841623552 3
716052855174463488 3
715942332726714368 3
715931348523884544 3
715326755448311808 3
715061838644260864 3
714969429180702721 3
714958342343405568 3
714743167313117189 3
714684354543403008 3
714565458817486848 3
714540783202754560 3
714525933764411392 3
714362168808853511 3
713840681546985472 3
713548522243493888 3
713547288421911385 3
713081812113752064 3
712764472083918853 3
712757814385442816 3
712593021485887488 3
712561941785477120 3
712451191477645313 3
712408110356483072 3
712173501193408512 3
711816151450255360 3
710994113677708288 3
710728134501355521 3
710711551326433281 3
710390645228109824 3
710354879080861697 3
710343613964652544 3
710334769377075200 3
710292417887375360 3
709569747365470210 3
709464972426739712 3
709460974097399808 3
709440385202782208 3
708476836989173764 3
708468230986145792 3
708416815299342337 3
708124967326457856 3
708121091579911000 3
708098356610883584 3
707834061880954880 3
706990813247463425 3
706989968216854528 3
706747849610907648 3
706406013285453824 3
706273196245327872 3
706270566511792065 3
705352621621198432 3
705347282439254016 3
705329130716340225 3
705218211088715776 3
705198648632606720 3
711797614647054337 3
711122618756993024 3
703795034525560832 3
703507596490121216 3
703443791353544711 3
703377967720767489 3
703363769859072000 3
703363537117118464 3
703025525170659328 3
703011282065076224 3
702950555073654784 3
702689115902536705 3
702236344328687616 3
701901970194374657 3
701895454422740993 3
701595717026992129 3
701220624480358400 3
700128330851491840 3
698920134627360768 3
698920084836749312 3
698635137454505984 3
698634867433574400 3
698234733319319552 3
697653194436947968 3
697615302058577920 3
697268078114848128 3
697253836591771648 3
697203913007591424 3
697198487151079428 3
697018391828107264 3
696909921569239116 3
696856871714451456 3
696435100506943488 3
695518828084637696 3
695516742311813120 3
695183493303697408 3
695097097557639168 3
695078245826322432 3
694629923869237248 3
694602981866516480 3
694292214424285184 3
694116685410734080 3
693929963711098816 3
693371371053690880 3
693282218274238464 3
693148714454548480 3
692156469911911256 3
692130210884489217 3
692129055496364032 3
692117937784786945 3
691752479894077440 3
691363185169858560 3
691335379543130112 3
691335177688121344 3
691313558370390016 3
691155251752087552 3
691054315926982656 3
690619998948106241 3
691150511921823744 3
689980708740311896 3
689971900655779840 3
689961206996733952 3
689958159830614019 3
689712154195308545 3
689634131378987008 3
689543701824024576 3
689217743715840000 3
688982178458255361 3
688598675560386560 3
688521011780396545 3
688166699523178497 3
688153132442882119 3
688151111341688324 3
688150359680790528 3
687838544560140288 3
687447275732246528 3
687422307573235712 3
687386726868713472 3
687105816311103488 3
686855530329997312 3
686482217678192640 3
686411329721073664 3
686390260754862080 3
685380875056332801 3
685362121895329792 3
684986011734738432 3
684540169798598656 3
684254572395642880 3
683550622457540608 3
683095812272852992 3
683092739639005184 3
681762939574054912 3
681745748497547270 3
681359387290546176 3
679841816523354112 3
679494133312966657 3
679388987807502336 3
679176640300118017 3
679103285895274496 3
679098622248551100 3
678000162854191111 3
677993437702963200 3
677961737295945728 3
677802166850093056 3
677690193189707778 3
677286185127948288 3
676927984691978240 3
676283122728615936 3
675858701387882496 3
675590880745549824 3
675541237806456832 3
675401847151058944 3
675121882644000768 3
674811556606033920 3
674544635163705345 3
674475815300521985 3
674401001919541248 3
674332397411487680 3
674067089888448512 3
673293919380082688 3
672928198439645185 3
672654679419957248 3
672498584193925121 3
671906836157632512 3
671841150680983552 3
671601325805723648 3
671536979176132608 3
671456591174661893 3
671250740225142785 3
671202311956336643 3
671091214414811136 3
670758913185349634 3
671179394322811736 3
671176901358567426 3
669984731102586625 3
669216734730018817 3
669053985962135553 3
669000164976103424 3
668979867556315136 3
668631489471320064 3
668302366366543872 3
668216298669654016 3
667950516727513088 3
667842595238772737 3
667592190676201473 3
666756183428956160 3
666754995874729984 3
666706641337782276 3
666544115589345280 3
666069843888599111 3
665785591750011736 3
664938483857813511 3
664668574955343873 3
664501357936664576 3
664249132635152384 3
663988707435810816 3
663983555970658311 3
663642241831845889 3
663503691849138176 3
663493373546754118 3
663477966156922880 3
662552508074561536 3
662548848619819008 3
662535134059466753 3
662452299738906624 3
662438684487081984 3
662111494614765569 3
662009706915893248 3
661728256425488385 3
661118741676257280 3
660666245356781568 3
658731732019974144 3
658525951148013313 3
658461661087428608 3
657688120111632320 3
657371215800086529 3
656983696348569600 3
656975573059702784 3
656278469249073152 3
656006346651795460 3
655607160332800000 3
654421251553792000 3
653745888603451392 3
716811296339943424 2
716528308888834118 2
716523699826888711 2
716522623279112192 2
716449932278771712 2
716108526930628608 2
716051761131779840 2
716028945657757696 2
715470350507573248 2
715446523706744832 2
715440142488436736 2
715428056907653120 2
715426425180848129 2
715331122893197312 2
715322262346272768 2
715301926955397120 2
715248261565579266 2
714973285834883072 2
714955955234955264 2
714581115648056320 2
714575059147366400 2
714548013159489536 2
714157958209216512 2
713785194788945920 2
713511513332682753 2
713231607755214848 2
713198886106456064 2
713191498888548352 2
713153627355873280 2
713142050678394882 2
713141935507017728 2
713138155205988353 2
713125648974262272 2
713062596421660672 2
712750681774395392 2
712544325700337665 2
712405379259314177 2
712396963266736128 2
712245960743583745 2
712223896750006272 2
712217171502338118 2
712053592484515840 2
711996390017138689 2
711830185037811712 2
711814717543567362 2
711481314445164544 2
710968740905492480 2
710912316762513409 2
710733599062896640 2
710729997988671488 2
710711339899981824 2
710709866562621440 2
710592815881801728 2
710588980505411584 2
710370199657013248 2
710290901805850630 2
710289738054246401 2
710219941203447808 2
709845289939566593 2
709602195319095298 2
709532718422360065 2
709437011123853056 2
709435389221191268 2
709243888775536640 2
709182980602798080 2
709175245475676161 2
708157130516205568 2
708141155385368576 2
708099331673305088 2
708094514460667905 2
707807149711007680 2
707514695498862592 2
706971298002374656 2
706802220261105248 2
706391124718432256 2
706345998293970946 2
706330352638251008 2
705946356255305729 2
705926868684271616 2
705891185777184768 2
705595487898894336 2
705589738858631168 2
705530864667488256 2
705348344395075590 2
705324565900058624 2
705236064923856896 2
705217570266177536 2
705174263603421184 2
711798424923672577 2
711760970911629249 2
711748428123766784 2
711465065852833792 2
711193217386840065 2
711083521313222658 2
703443984958431236 2
703443638907305985 2
703311336105619456 2
703070113411283911 2
703050611835609089 2
703116961562189824 2
703112145725186118 2
702771060228300800 2
702755822128902144 2
702713346034835460 2
702398705371123713 2
702321976031862784 2
702243037787717632 2
702234291506286592 2
702010226782830592 2
701943157231996929 2
701941397192990720 2
701929459192975361 2
701893429819633664 2
701889859984695296 2
701662400341147648 2
701661883271499776 2
701527611818643457 2
700857223539515393 2
700553436736176128 2
699870616267137024 2
699658537790738432 2
699445861164250882 2
699102991715037184 2
698902111254291132 2
698882399258566656 2
698766832774197248 2
698119934965108736 2
697289433591058432 2
696599125828112752 2
696130828540088320 2
696112837186310144 2
695350743205748737 2
695143348521140225 2
695078069715890177 2
695038652406059009 2
694767152532815874 2
694626672432144384 2
694283211422068736 2
693928790586560513 2
693889666441818116 2
693314728857202690 2
693140935375396864 2
693114118989138944 2
692489315444736000 2
692486073247780864 2
692452131861757952 2
692443721808371713 2
692392652847775744 2
692390747929251840 2
692124798084894720 2
692077424998154241 2
692036972202725377 2
691726266077118833 2
691725115688497153 2
691502689478246401 2
691439575982436352 2
691436809436291072 2
691362684726411265 2
691362578367315968 2
691336000988008449 2
691322138490306560 2
691317739252658176 2
690758359562072064 2
690636271065034753 2
690338295545487361 2
690076635509432320 2
690076470262251520 2
689952955756363778 2
689944238176370688 2
689943990259449856 2
689905457335435264 2
689219611556880384 2
689000729005117809 2
688922341946949633 2
688662902803308544 2
688594092805062656 2
688165651437883392 2
688140286296342528 2
688137652978094082 2
687831239416360962 2
687826749833383936 2
687468932886711129 2
687464233194242118 2
686744036648947712 2
686664670110608768 2
686499975254036480 2
686467384673116529 2
686431728286601217 2
686263072613220352 2
686261699255511896 2
686259150372732928 2
686237070554079232 2
686103997199986688 2
685358460829958144 2
685252510605377536 2
684898085718237184 2
684488675934142464 2
684323426278838272 2
684238489605390337 2
684223213748924416 2
684200265252118528 2
684097846727979008 2
683721420887609344 2
683438627372679169 2
683338783534678020 2
683228001329258496 2
683081198264985600 2
683074738843811840 2
682794964275703808 2
682462808408129537 2
682152869680644096 2
681231955103371264 2
680237919211134976 2
680186599582244864 2
679947721839517697 2
679944221151311617 2
679789859364446209 2
679769333673820220 2
679550132954648580 2
679144080299847682 2
679083563745112438 2
679082681137672196 2
679065994229362688 2
678834052846059520 2
678001214064226311 2
677803976222490624 2
677799508793794560 2
677643062835871745 2
677586272299278336 2
677244285111873472 2
677241274865426434 2
677055062124986368 2
677119031680532480 2
676933081153060864 2
676598169547878400 2
675756713522233344 2
675744151988645888 2
675500999847501824 2
675447561125738240 2
675166148875444224 2
675116584390819841 2
675092432753700864 2
674847202951348224 2
674841841519341568 2
674723686088183808 2
674517691223314433 2
674382751928205312 2
674319359846649856 2
674067633101123585 2
674059171474501633 2
674021295600742400 2
673776388843827200 2
673381844813934592 2
673366621184452353 2
673293156129988608 2
672934114320850944 2
672924135023099911 2
672911455742873600 2
672891711131715072 2
672882332664070145 2
672858663787233280 2
672751212085706752 2
672738088662138880 2
672182984712163328 2
671629424274477056 2
671601122751113217 2
671537554433294336 2
671500179095228416 2
671486867007639553 2
671182020102393856 2
671181298266972160 2
671083962937176064 2
670759840889876480 2
669800167889989632 2
669723792403402754 2
669321592279724032 2
669289147345965056 2
669237121245319168 2
669073603871158272 2
668691114205068288 2
668199417002852352 2
668179326945259521 2
667903670709686272 2
667236511180125696 2
666033716211994560 2
666017032190603264 2
666007914549633024 2
665772593589317632 2
665148087820619776 2
664980135532081153 2
664686614795292672 2
664600573635751937 2
664270813487476736 2
663966903275094016 2
663509675114810753 2
663486389594382336 2
663227113077689344 2
662743118690925572 2
662552945016205312 2
662552208425152512 2
662551741699719168 2
662548641169539072 2
662378811753807873 2
662113832528207872 2
662038050856267776 2
661507993108779009 2
661423093059969030 2
660207439770324992 2
659838428115926400 2
659510341634756608 2
659511480308715520 2
659231913933111664 2
659201943194107911 2
659151359183220736 2
658840719906373632 2
658797341609099264 2
658738347641212928 2
658465030724186112 2
658061567158714368 2
657346157832605696 2
657331318913503232 2
656978353505759233 2
656652246650896384 2
656579729038835712 2
656311166671585280 2
656309406666113024 2
656288030110580736 2
656262998848245761 2
656003329965752320 2
655119643216973825 2
654430965951950848 2
654084280633524225 2
653827370307063808 2
716517450351640577 1
716458405209092097 1
716105172368273408 1
715923295271395328 1
715425506825411416 1
715092022879656960 1
715068106880581632 1
715017874130079744 1
714927872515805185 1
714558918752489472 1
714533282424053760 1
714525730160283648 1
714208140372279296 1
714170631529467911 1
713900183001153121 1
713541812481175552 1
713537362186280960 1
713459017369067520 1
713195540872167425 1
713142131498463233 1
713126957852983296 1
713118053951795200 1
712839155965820928 1
712838987698688001 1
712382179062341633 1
711995298147487745 1
711480383938793472 1
710917071501115761 1
710908483168636929 1
710613448824991744 1
710368146679422976 1
710194443425603584 1
709967522548862976 1
709934184861569025 1
709900547751411713 1
709456032162951172 1
709432886747734016 1
709178611010086400 1
708567419527106560 1
708415214450913280 1
708238151081336832 1
708173897741373440 1
708120119492501182 1
707806577743564800 1
707335314482724865 1
706973266032721920 1
706962643441967106 1
705899311011968512 1
705868693549387776 1
705856077305262082 1
705248441102835713 1
705231112117710848 1
711995615112699264 1
711138744207572993 1
703701500518793216 1
703443944181379072 1
703161135973890118 1
703053463857471488 1
703118639833243648 1
703031372382736385 1
703017185363406848 1
702737161884463111 1
702646786788163584 1
702401562002460672 1
702366094342885376 1
702255648071819264 1
701918802292768768 1
701911796882386944 1
701889784109625345 1
701136844986122244 1
701078143944228864 1
700901281431474178 1
700549396627398656 1
700539636960071680 1
699430269682581505 1
699102312381128289 1
698236597708460032 1
697332633064189953 1
696593475836338176 1
696505606585262081 1
695744118467665920 1
695346530014760960 1
695154083863265280 1
695078474751410176 1
695031860070514694 1
694330027119243264 1
694074715648856065 1
693905654998711128 1
693623005277126658 1
693603328035401729 1
693369491921612800 1
693153062009966593 1
693122862417211392 1
692980874812510216 1
692799657064296448 1
692607622663503872 1
692494332239167488 1
692485812412375110 1
692483420723765248 1
692472470805307393 1
692389094152900608 1
692246637637431297 1
692184127303479296 1
692124392881573888 1
692117071241596929 1
691756916817555456 1
691440126950395911 1
691351591140054784 1
691075628007686144 1
691011324936228864 1
690840898020605952 1
690773031002636288 1
690666483521720320 1
690665278288429056 1
690620229971088384 1
689930176591888384 1
689548841457029121 1
689277135362502656 1
689218784410746880 1
688940356226830336 1
688143102318514176 1
688142060537303110 1
688132979479023616 1
688125076445646853 1
688117996947034114 1
688114668192186371 1
687828756312895488 1
687596009111124960 1
687557111250893824 1
686853838561673216 1
686735287813181440 1
686720627688882176 1
686387750719782912 1
686262287405985792 1
686261405192863745 1
686260714747465728 1
686259546591899648 1
686219356578033664 1
685995164473495552 1
685591165492531200 1
685565338885345280 1
684905161651650560 1
684870539626725376 1
684515523946676224 1
684251614425694208 1
684224145521917952 1
684184851176505344 1
684182491976957952 1
684156846458834944 1
683758519816867840 1
683734981176833792 1
683562222426013696 1
683224303890907136 1
683113425875013633 1
682714221189070848 1
682155924681703425 1
682111000217387009 1
681052958545453057 1
680669363096039425 1
680637227026677760 1
680222655748816896 1
679778119018101761 1
679772225247952897 1
679771154437937152 1
679495359073136640 1
679410205491200000 1
679081875843846145 1
678877054897537025 1
677997876845260801 1
677680878215151618 1
677286857797865472 1
676598622876647424 1
676572850266898436 1
676568079118937475 1
676340868001824769 1
676298703993368577 1
675925773023252480 1
675891181201416192 1
675861145941530624 1
675380205620355072 1
675125153165103106 1
674778555214008320 1
674775633335947264 1
674528559470239745 1
674400831500718082 1
674400261897457664 1
674350683710074880 1
674344541881655296 1
674134300820770816 1
674088943239868417 1
674060725728358400 1
674058325638569984 1
674025134361993216 1
673996779789021184 1
673992172065116528 1
673641578724900864 1
673612364726461117 1
673274210061102689 1
673270852331298816 1
673027119635496960 1
672891074545737728 1
671944744684011520 1
671851711758077952 1
671486618616782848 1
671431999710564352 1
671235898974068736 1
671202403824238592 1
670376825231511552 1
670376642242482176 1
670368761522728960 1
670359381267976192 1
669668799298170881 1
669402712560279552 1
669117732894343169 1
669086793799634947 1
669053415343812608 1
668907111296819200 1
668899706987085824 1
668679448707796992 1
668216590656147457 1
668181731199497989 1
667594535455686656 1
666756823567876098 1
666707425051873280 1
666455029662941184 1
665716107462881281 1
664991219148288000 1
664903971123822592 1
664667999559806976 1
664513001152132864 1
664272430693662720 1
664270634940129282 1
663499337968709632 1
663481260691144289 1
663305281477087232 1
663187398537248768 1
662758282361225217 1
662552062287212544 1
662551419409399808 1
662550806499954688 1
662381129811384327 1
661667686250737665 1
660962823615283200 1
660267621359595520 1
660175626851057664 1
659193755493249025 1
659135342407122945 1
659134351578234880 1
657335901689741312 1
657306968579641344 1
656286582421385216 1
655913148403191808 1
655881263199338497 1
655200816370839552 1
655120786672386119 1
654935830981554176 1
654931359136280576 1
654515801609736192 1
654493624583847936 1
654486540022738944 1
654089580061196288 1
716885516285714433 0
715974212662530119 0
715633712516311896 0
714954914372292608 0
714748847805874176 0
714607440029835265 0
713496532452974593 0
713146181114411224 0
712566592228470786 0
712467729698017280 0
711419119566085120 0
710592052191301632 0
710387743323361281 0
709974381347414017 0
709456269782822912 0
709439374077759489 0
708565245812350980 0
708415629443792896 0
708118350983892992 0
706795873766739968 0
706741850862817283 0
711823234340847616 0
711626437957902336 0
711452666915581953 0
702998216162193409 0
702405464923963392 0
700180056853901312 0
699109019328389122 0
698680843791798272 0
698679811527438336 0
698656150540058625 0
697707751993119089 0
694251735115378118 0
693903574850375680 0
693152748119567744 0
692453910515171329 0
692112860617506816 0
691438320501415938 0
691353220640145408 0
691321168972808192 0
690646278468833280 0
690128702928216065 0
689311731437273088 0
689256880552579073 0
686137648134537217 0
685566615295934464 0
683726631077154816 0
682134982061153888 0
679417366640373760 0
679111945560399872 0
677996971345338368 0
677995435135401984 0
676553856659021830 0
676228569454870528 0
674325839752728576 0
674120097456250881 0
672860568059908097 0
672608023072739329 0
671893596149190656 0
671891749531287556 0
671637496300630016 0
670505882661294080 0
670353067871571968 0
668944991192875008 0
667467541191614464 0
666952161268510721 0
666716862122561536 0
665054206588424192 0
664994635618451456 0
664250656618713088 0
663957571132843776 0
661731199237253120 0
661675132746772480 0
661671556607639552 0
661667449964662784 0
660334643443462144 0
659211768762429440 0
658739036014510080 0
657352906710978561 0
656701427822166018 0
656651125622358016 0
654436096319713280 0
716516615479631873 -1
716510839784607748 -1
716463708919111680 -1
716020147039764480 -1
715977335909007360 -1
715283922901336064 -1
714732450967130113 -1
714689257168887808 -1
713271469111783424 -1
713231461860515840 -1
713231294205788160 -1
713194058135371776 -1
712828426290225152 -1
712564748882165760 -1
712448569916018688 -1
712224574339854337 -1
712205769211445248 -1
712019988358365184 -1
711827446140506112 -1
711480783655927808 -1
709899648962441216 -1
709116691955916801 -1
708832337694367744 -1
708417287259185152 -1
706451926280372224 -1
706431555573395456 -1
706394781627191296 -1
706268402608803840 -1
705899057764392960 -1
705847708938973184 -1
705596869120958464 -1
705351930520825857 -1
705226492811861952 -1
711795716682551296 -1
711753443613749248 -1
703367774714753026 -1
703311774951481344 -1
702657957721276416 -1
702651226769391617 -1
702629590280196096 -1
702422838653919232 -1
701920944068005888 -1
701660196397932544 -1
700553720254357511 -1
699438115761610752 -1
698903282979205122 -1
698902495385427968 -1
698901924502851585 -1
698658169086586880 -1
696857095321157633 -1
696825870053302272 -1
696799471103457024 -1
695195753732440064 -1
694458587431579648 -1
694312051934519296 -1
693624255074795520 -1
693271413466095617 -1
693270661129123586 -1
693154449712238592 -1
692548538871123553 -1
692201389490061312 -1
692191232857149440 -1
692126603132977155 -1
691900864320180225 -1
691306430238818311 -1
691151112032784384 -1
690666750371737600 -1
691142888669372416 -1
690339147488325634 -1
689621187823974400 -1
688939034312179712 -1
687837802671640576 -1
687835939205320705 -1
687736314255376384 -1
687526649403838464 -1
687430287039528960 -1
686263485907378176 -1
686261923285831681 -1
686261039906751164 -1
686251440134688768 -1
685596358552637441 -1
684574669173690369 -1
684324507369091072 -1
684318212134064128 -1
684200686750269440 -1
683754846462148608 -1
682385227147165696 -1
682384695851138656 -1
682142641887129600 -1
682083826009415680 -1
681171760198746112 -1
679769448459284480 -1
679547455831052289 -1
679238090901211992 -1
677292058990608384 -1
677253491283197952 -1
676915364765241344 -1
676913079209324544 -1
676229810931150848 -1
675894022100025345 -1
675891673595908096 -1
675862358971969536 -1
675571132926347265 -1
675257865444196352 -1
675107995638964226 -1
674013976078909440 -1
673368527642877952 -1
673366431123760897 -1
673347103255490560 -1
673256200571171100 -1
672636714628714496 -1
672576275626594305 -1
672219401169465345 -1
672142544642248711 -1
671977193786880000 -1
671907621998223360 -1
671887529457487873 -1
671852524769415168 -1
671838221282623489 -1
671835966693224448 -1
671829726059606016 -1
671536367601147488 -1
671423990737469440 -1
671245341489020928 -1
669721464417837057 -1
669693968431497218 -1
669082681771061248 -1
668900873108459520 -1
668894929129615360 -1
667594249873977344 -1
667508518275055616 -1
666719896009478144 -1
666719788907913216 -1
666538506693378118 -1
666076328911724545 -1
665796682387361792 -1
664381425165012992 -1
663498802507182081 -1
663489553609584640 -1
662547871119187328 -1
661843632001953793 -1
661730732012797952 -1
661024689548988417 -1
660664784182837248 -1
659133523589099520 -1
658515231287541761 -1
658468751130081024 -1
657651627071934464 -1
656684479906365440 -1
654073661129822208 -1
653825759757242368 -1
653730510812790785 -1
716548149649629184 -2
715632153313185793 -2
715324744636051457 -2
715301128200544256 -2
715300984080113664 -2
715247715928514561 -2
715081021075668992 -2
715072838105825280 -2
714997533940973569 -2
714911506740056064 -2
714903171051556864 -2
714884067817164800 -2
714567867979542528 -2
713902665093107713 -2
713612802494083072 -2
713237399535357954 -2
713236849938989056 -2
713148944511950848 -2
713148794811699136 -2
713140335178678272 -2
713106899219009536 -2
712839265814614016 -2
712798526611136512 -2
712595822110765056 -2
712571056280698880 -2
712467615780708352 -2
712451365029548032 -2
711717649156149249 -2
711025360784101376 -2
710933560123756545 -2
710624620898951168 -2
710353602095632384 -2
709873790000311129 -2
709855829533466625 -2
709476391112754945 -2
709437711224938496 -2
708532576919531521 -2
708075543262932992 -2
707767382316462080 -2
707717179219677184 -2
706980863343329280 -2
706794269453873153 -2
706377530622619648 -2
705898779656884224 -2
705597161988198400 -2
705591093623070720 -2
705554266144944130 -2
705345416334684160 -2
705341113008148481 -2
711909725641654272 -2
711457006114749824 -2
711440341420584961 -2
703368238116924801 -2
703054172211068864 -2
703052971873927168 -2
703050390925742080 -2
703012441139521280 -2
702995957252640768 -2
702650642767093760 -2
702295760751071232 -2
702022572385267712 -2
701983729695084544 -2
701917349683679232 -2
701679161757175809 -2
700911112151113312 -2
700555307622084609 -2
700550355969507329 -2
699101437570236416 -2
699077135835729920 -2
699067741685284864 -2
698422528339898368 -2
698286799844577280 -2
697524170272296960 -2
696836112111669248 -2
695115867875598336 -2
694436146785316864 -2
694107546525631164 -2
693571323969208321 -2
693281482673001148 -2
692607764439411549 -2
692515829330616320 -2
692495176175083520 -2
692181609714434118 -2
692131707651264512 -2
692130770102685696 -2
692124878166687744 -2
692113834358784000 -2
692072919141199872 -2
692026845852618752 -2
691556187595091968 -2
691362085532401664 -2
691332911165584896 -2
691312168159965184 -2
690847072803618816 -2
691127826487492608 -2
690377940098551810 -2
690368146574852096 -2
690346664788377600 -2
689947496349478912 -2
689932597942616065 -2
689615266439831554 -2
689548239171792896 -2
689381196036337664 -2
688959723563913225 -2
688522387864682496 -2
688192912258011136 -2
687714968469245953 -2
686711851829182464 -2
686691457508323328 -2
686457903889317888 -2
686290839346139136 -2
686235396880007169 -2
686218945410367489 -2
685359436492242944 -2
685258113659952130 -2
685249645207924737 -2
684263527993835521 -2
684261464085893120 -2
683881124711113008 -2
683558527923666945 -2
683432616115891584 -2
683396696949174272 -2
683351949710770176 -2
683096036328382464 -2
682786554226413568 -2
682077953992216576 -2
679962286530822144 -2
679136778402463745 -2
679069666778611714 -2
678859255093432320 -2
678478703219748864 -2
678003452883116032 -2
677621627777978368 -2
676960774137487362 -2
675890976586489856 -2
675095325560950785 -2
674848014851158016 -2
674638625716375552 -2
674537911731873280 -2
674392295597170689 -2
674371777863090177 -2
674143399369244672 -2
674029957438300160 -2
673775344692801536 -2
672862532571283456 -2
672855111681499136 -2
672149457803149312 -2
672143869023154176 -2
672141582817099776 -2
671920900787212288 -2
671864125367058433 -2
671855051590131715 -2
671537902120120320 -2
671486973165481985 -2
671087247798611968 -2
670810086638354432 -2
670523655521230848 -2
670363478503264256 -2
669053617526018118 -2
668176159033524224 -2
667845742686375936 -2
667843707060645888 -2
667841124745134084 -2
667805366114127874 -2
667541359922823168 -2
666749628029648896 -2
666455244881063936 -2
666442424688836608 -2
665802858059595776 -2
665117843384635392 -2
664246259557924864 -2
664219758119431552 -2
663964317709115760 -2
663626363824311128 -2
663505315493638144 -2
662545154251685888 -2
662402677188390912 -2
662035894757494784 -2
661698464305119232 -2
661689219471970311 -2
661670956511789056 -2
661390330197991424 -2
660669683939446785 -2
660662883299098624 -2
660179676439035905 -2
659234228027117936 -2
659231572655116288 -2
658840963066912768 -2
658785002700693511 -2
658484897527369728 -2
658442178411126784 -2
657796564493115760 -2
657423687155499008 -2
656941735457656832 -2
656533647611867073 -2
656395330691317760 -2
656024831331205120 -2
655987172403646465 -2
655120256914984960 -2
654090582084579328 -2
654117268270551110 -2
653808300396445697 -2
716824113059225601 -3
716722393419374592 -3
715427867157397511 -3
715311279993520128 -3
714930823334535169 -3
714928305430880256 -3
713907858983751681 -3
713901399772258311 -3
713479979456028672 -3
713474671782395905 -3
713282311710576640 -3
713155649287233537 -3
713139344668667911 -3
713137610353299456 -3
713136698062864384 -3
713084271133083392 -3
712829719545131014 -3
712797558268014592 -3
712452957782970368 -3
712391276058968064 -3
711823193095340032 -3
710912643863674880 -3
709964571533037568 -3
709458375990312961 -3
709244386882654210 -3
708766575520776192 -3
708197248891420672 -3
706972781351608320 -3
706712280931545089 -3
706395998116670849 -3
711628236508991488 -3
711623482517086208 -3
711188711844446209 -3
703112296523026433 -3
703008292340019200 -3
702691413503270912 -3
702650009515225088 -3
702649818712137728 -3
701907444088221697 -3
701484006177542144 -3
699812912391720960 -3
699449908454105088 -3
699435064187297792 -3
698782227652456448 -3
698636569763192832 -3
698228117169635329 -3
697621111069001729 -3
697263964590206976 -3
697184907995455490 -3
696849181860757511 -3
696511033821872128 -3
695195512287330311 -3
693911919133171712 -3
693594741615648768 -3
693594611432560129 -3
693594582794145792 -3
693182678086975488 -3
693123770093957120 -3
692979282054877184 -3
692760389059096577 -3
692518561772912640 -3
692413549566623745 -3
691362811721258496 -3
691351868694355968 -3
691331190175899648 -3
691321788236574721 -3
690340114866765824 -3
690324434440318976 -3
690294205139255297 -3
689923474077257729 -3
689596025011462146 -3
689552609514913793 -3
686844445199736832 -3
686734405927223297 -3
686700368185561089 -3
686444368484405248 -3
686235975068954625 -3
683557182231580672 -3
683075217892118896 -3
682873548113707008 -3
682781914705494016 -3
681159451418058752 -3
679948934840586240 -3
679546830254781117 -3
679401826857291780 -3
679401235724668931 -3
679200168516837376 -3
677659277805383680 -3
677643825532280833 -3
677615903337394176 -3
676661727530889216 -3
676334579095965700 -3
676216727588356096 -3
675917793192095745 -3
675610219662111092 -3
675608652921737216 -3
675117226563919872 -3
674860748275773441 -3
674400331095105537 -3
673990916611956672 -3
673378483846774784 -3
671910200236900352 -3
671884254800831164 -3
671457377938513921 -3
671425030011194977 -3
671406883391987712 -3
670714856580870144 -3
670365184796459008 -3
669267465214398464 -3
669053912821862400 -3
668980316883652608 -3
668677868990271489 -3
667435033783832576 -3
666711919785455616 -3
666440852185546752 -3
664955590225989633 -3
664522186527391745 -3
664271938957656064 -3
664232203123978240 -3
663511870389903361 -3
663498921797222400 -3
663487383032074240 -3
663479980727255110 -3
662545409311551488 -3
662510077199253511 -3
662163494817521664 -3
662027321822412800 -3
661683316400132096 -3
661462996133134336 -3
660333430756911960 -3
658462083835559938 -3
657651290189660160 -3
657353128916877312 -3
656978984723308544 -3
656650675334414336 -3
655861303307694080 -3
654612094529089536 -3
654496700061450240 -3
715808394771369986 -4
715282934521929728 -4
714963448577211225 -4
714919499128942593 -4
713800166709460993 -4
713654754392412160 -4
713198377962315777 -4
710369274871721984 -4
709532911115718018 -4
708563067957673984 -4
708412569577398273 -4
707376816114118656 -4
705169138264637441 -4
711798964738949120 -4
711795940910080001 -4
711748825609576449 -4
703359597591941120 -4
701905618366365696 -4
701642342306942977 -4
697936989114092928 -4
695379395033174016 -4
695350239054553088 -4
695023709640269824 -4
694595955253837824 -4
693573176840757248 -4
693551121881694208 -4
693551057247477760 -4
693551035172794369 -4
692996677490315265 -4
692634724909588481 -4
692184323936620544 -4
692158019476529152 -4
692128710774951937 -4
692115411530309632 -4
691354621764247552 -4
690811120966219776 -4
690677353014427648 -4
690659672462794758 -4
691140891027345409 -4
690317720785649664 -4
690068315868413953 -4
688300657783078912 -4
688139367111155296 -4
687467946675851266 -4
686474632153534464 -4
686458406761181185 -4
686254395646853121 -4
686131441764175872 -4
683099786094837760 -4
682387749689634816 -4
675762399039717376 -4
675092952851595266 -4
674847058944110592 -4
674397557087272960 -4
674009968794669056 -4
673377562148515845 -4
672924888290717697 -4
671213474974953472 -4
671181891113778560 -4
669801233922658311 -4
669320764701609984 -4
669260622018641920 -4
668294590349225984 -4
666517472506310656 -4
666007609716011008 -4
663969329180880896 -4
663127810337210369 -4
662411935573389312 -4
662123559968378880 -4
662117099492528128 -4
661658999666831360 -4
660179160938091196 -4
659936190171234311 -4
713799258546114560 -5
713157150600658944 -5
713116332613595136 -5
709311235062247424 -5
708070634329247744 -5
702991385180286976 -5
698679648711532480 -5
693605859423686656 -5
693379786454884352 -5
692107852144447488 -5
692111881037931196 -5
691493802100391936 -5
689003828935409664 -5
687106089616146433 -5
686436079264661511 -5
685365937341165152 -5
684664430269874176 -5
684201148920681152 -5
683338194062987264 -5
680201829234294784 -5
679842586178138116 -5
675170997356666881 -5
674546177115742209 -5
674029808951554119 -5
669671106630932480 -5
669010796941193217 -5
666759119996730368 -5
662556943702097920 -5
661844406224359424 -5
661055138488909825 -5
656746919532695552 -5
716023279597686784 -6
713514626252537857 -6
713195772456476672 -6
707718094798475264 -6
706971102199721984 -6
703383013174849536 -6
701640667827564545 -6
698658353191358464 -6
697564163311886273 -6
692394017808605188 -6
692138861988831233 -6
692128587034574852 -6
689323165944659969 -6
685361058790248448 -6
683538448813174784 -6
680224430216224768 -6
676172213150552064 -6
674541869863333888 -6
665080145640751105 -6
663965690060124160 -6
660920000102862848 -6
659617654785769473 -6
716038855569186816 -7
712791917705056256 -7
697628741162258432 -7
702428402096201728 -8
702291985181192192 -8
698679973398188032 -8
695540114701746176 -8
694108442315718656 -8
689890068744445952 -8
686448829139311448 -8
672268072858685440 -8
671485760688623620 -8
665080285617258496 -8
703415509392367616 -10
691069460715732992 -10
711441688006094849 -11
713801546011180640 -13
